283.844 744.886
320 832
356.156 744.886
316.623 813.99
315.534 754.52
323.511 754.52
314.204 809.864
311.545 795.404
326.669 762.165
304.565 761.5
306.061 775.959
323.678 760.337
319.855 814.185
311.379 800.224
292.267 748.703
308.388 789.754
314.038 807.371
326.337 751.861
302.571 779.616
323.844 781.112
312.376 749.036
312.376 807.038
319.523 823.99
327.002 766.154
313.373 804.878
315.202 765.157
308.388 776.126
312.376 797.066
302.903 768.813
324.176 769.478
319.855 808.534
322.016 765.655
298.083 755.019
328.165 777.788
317.91 816.563
306.227 786.264
326.835 773.467
313.872 787.759
321.019 749.368
331.821 772.469
311.545 781.776
302.903 749.7
296.421 749.368
330.658 789.754
306.393 778.12
295.424 751.196
317.362 766.32
300.909 752.193
294.427 763.661
318.359 805.709
318.359 794.906
310.714 793.41
305.064 750.033
301.407 767.151
313.041 797.399
304.233 782.94
316.365 809.365
318.858 787.427
315.035 799.726
301.74 780.613
303.734 779.117
331.156 766.985
307.39 766.154
322.016 792.247
300.41 757.844
299.579 766.154
318.858 761.168
336.641 749.202
301.906 760.503
320.354 798.23
316.199 773.467
296.754 764.824
326.337 786.928
303.9 755.185
315.534 795.571
310.714 755.351
299.247 756.016
312.709 803.382
304.731 774.297
296.089 762.498
309.385 797.565
310.881 799.227
319.855 782.774
338.968 753.689
317.695 801.221
298.914 762.498
322.68 800.058
308.221 758.01
307.224 769.478
312.875 753.357
331.323 748.869
327.334 748.703
318.027 776.292
315.7 784.435
304.233 772.802
333.65 784.934
331.655 754.686
318.692 811.692
321.185 772.802
331.489 761.168
292.765 750.199
337.14 760.503
296.754 752.858
314.537 806.373
308.554 749.867
323.345 786.43
321.351 810.528
316.033 789.588
303.402 770.641
318.874 820.101
316.033 778.286
313.373 776.126
321.849 803.88
317.861 770.807
308.388 783.604
309.883 797.066
300.078 762.331
329.661 783.438
301.906 762.83
306.061 779.117
311.379 770.143
323.345 749.368
313.373 759.174
316.864 749.534
312.21 763.162
326.004 780.281
311.712 797.565
309.883 791.582
323.678 789.588
300.244 748.869
315.368 811.359
290.438 749.867
322.348 776.79
305.396 784.934
